# 12 unit cubes in a cube of side 2.931514577965
# columns: index, centre x y z, rotation quaternion w x y z (cube axes = R(q) applied to the coordinate axes)
 1 1.524387984266287 2.431514577965050 1.332016270619105  0.583888686880778 -0.583888686880777 -0.398840822048898 -0.398840822048899
 2 2.431514577965050 2.431514577965050 0.500000000000001  0.707106781186547 0.707106781186548 -0.000000000000000 0.000000000000000
 3 0.500000000000000 1.436953960470771 1.437719869951837  0.539528995404430 0.457065053485701 0.457065053485701 -0.539528995404430
 4 0.509873581360463 0.576931122929860 2.354574728359563  0.456051135127504 -0.540386302028654 -0.456047239401480 0.540389602197341
 5 0.608609361307170 2.292928326957693 2.388774102260237  0.025833283307267 0.760982130234608 -0.648207326756739 -0.008130219926044
 6 2.431514577965050 1.431514577965050 0.500000000000001  0.000000000000000 -0.000000000000000 -0.000000000000000 -1.000000000000000
 7 2.429840175041397 2.421524929576035 2.262051479504548  0.000026957913629 0.001662148280329 -0.999971278579320 0.007394494763394
 8 1.580038838745357 1.480690932409545 2.431514577965050  0.000000000000000 -0.976511294674618 -0.215466218635085 -0.000000000000000
 9 1.687066987077742 0.704604886783290 1.393162179740044  0.163048371924530 -0.826603969128247 -0.302320466761617 0.445806507367519
10 0.671419200024709 0.512550506938447 0.504278492643578  0.001927935578970 0.001776755873207 -0.710052788064102 -0.704143568006814
11 2.431514577965050 0.564856295845508 2.431514577965050  0.500000000000000 -0.500000000000000 -0.500000000000000 0.500000000000000
12 0.500000000000000 2.377748883150399 0.500000000000000  0.707106781186548 -0.707106781186547 0.000000000000000 0.000000000000000
